    from_zone  to_zone     count  probability   from_lat  from_lon     to_lat    to_lon
0     10104.0  10105.0  410831.0     1.000000  46.168770  14.64615  46.168770  14.64615
1     10118.0  10119.0  410814.0     1.000000  46.168770  14.64615  46.168770  14.64615
2     10111.0  10112.0  410796.0     1.000000  46.168770  14.64615  46.168770  14.64615
3     10102.0  10103.0  410794.0     1.000000  46.168770  14.64615  46.168770  14.64615
4     10106.0  10107.0  410789.0     1.000000  46.168770  14.64615  46.168770  14.64615
5     10112.0  10113.0  410774.0     1.000000  46.168770  14.64615  46.168770  14.64615
6     10113.0  10114.0  410768.0     1.000000  46.168770  14.64615  46.168770  14.64615
7     10120.0  10121.0  410765.0     1.000000  46.168770  14.64615  46.168770  14.64615
8     10103.0  10104.0  410759.0     1.000000  46.168770  14.64615  46.168770  14.64615
9     10108.0  10109.0  410753.0     1.000000  46.168770  14.64615  46.168770  14.64615
10    10109.0  10110.0  410752.0     1.000000  46.168770  14.64615  46.168770  14.64615
11    10101.0  10102.0  410744.0     1.000000  46.168770  14.64615  46.168770  14.64615
12    10098.0  10099.0  410743.0     1.000000  46.168770  14.64615  46.168770  14.64615
13    10100.0  10101.0  410732.0     1.000000  46.168770  14.64615  46.168770  14.64615
14    10119.0  10120.0  410727.0     1.000000  46.168770  14.64615  46.168770  14.64615
15    10117.0  10118.0  410727.0     1.000000  46.168770  14.64615  46.168770  14.64615
16    10115.0  10116.0  410726.0     1.000000  46.168770  14.64615  46.168770  14.64615
17    10097.0  10098.0  410725.0     1.000000  46.168770  14.64615  46.168770  14.64615
18    10116.0  10117.0  410724.0     1.000000  46.168770  14.64615  46.168770  14.64615
19    10122.0  10123.0  410724.0     1.000000  46.168770  14.64615  46.164299  14.63650
20    10099.0  10100.0  410720.0     1.000000  46.168770  14.64615  46.168770  14.64615
21    10105.0  10106.0  410717.0     1.000000  46.168770  14.64615  46.168770  14.64615
22    10114.0  10115.0  410716.0     1.000000  46.168770  14.64615  46.168770  14.64615
23    10121.0  10122.0  410695.0     1.000000  46.168770  14.64615  46.168770  14.64615
24    10107.0  10108.0  410693.0     1.000000  46.168770  14.64615  46.168770  14.64615
25    10110.0  10111.0  410678.0     1.000000  46.168770  14.64615  46.168770  14.64615
26    10123.0  10097.0  378835.0     0.922364  46.164299  14.63650  46.168770  14.64615
27     9892.0   9893.0  277993.0     1.000000  46.197140  14.52882  46.197800  14.53334
28     9874.0   9875.0  277974.0     1.000000  46.060501  14.49871  46.060501  14.49871
29     9876.0   9877.0  277967.0     1.000000  46.049721  14.54489  45.907501  15.24776
30     9882.0   9883.0  277965.0     1.000000  46.188671  14.49786  46.192329  14.52299
31     9891.0   9892.0  277964.0     1.000000  46.197140  14.52882  46.197140  14.52882
32     9877.0   9878.0  277940.0     1.000000  45.907501  15.24776  45.907501  15.24776
33     9889.0   9890.0  277930.0     1.000000  46.197140  14.52882  46.197140  14.52882
34     9879.0   9880.0  277925.0     1.000000  46.070278  14.47917  46.127380  14.55775
35     9880.0   9881.0  277917.0     1.000000  46.127380  14.55775  46.165169  14.59754
36     9878.0   9879.0  277912.0     1.000000  45.907501  15.24776  46.070278  14.47917
37     9890.0   9891.0  277905.0     1.000000  46.197140  14.52882  46.197140  14.52882
38     9875.0   9876.0  277905.0     1.000000  46.060501  14.49871  46.049721  14.54489
39     9885.0   9886.0  277900.0     1.000000  46.192329  14.52299  46.192329  14.52299
40     9888.0   9889.0  277898.0     1.000000  46.197800  14.53334  46.197140  14.52882
41     9887.0   9888.0  277898.0     1.000000  46.192329  14.52299  46.197800  14.53334
42     9886.0   9887.0  277893.0     1.000000  46.192329  14.52299  46.192329  14.52299
43     9881.0   9882.0  277872.0     1.000000  46.165169  14.59754  46.188671  14.49786
44     9883.0   9884.0  277869.0     1.000000  46.192329  14.52299  46.192329  14.52299
45     9884.0   9885.0  277858.0     1.000000  46.192329  14.52299  46.192329  14.52299
46    10130.0  10131.0  274193.0     1.000000  46.301170  14.20309  46.301170  14.20309
47    10134.0  10135.0  274168.0     1.000000  46.301170  14.20309  46.301170  14.20309
48    10142.0  10143.0  274155.0     1.000000  46.301170  14.20309  46.349369  14.25019
49    10129.0  10130.0  274154.0     1.000000  46.301170  14.20309  46.301170  14.20309
50    10133.0  10134.0  274151.0     1.000000  46.301170  14.20309  46.301170  14.20309
51    10137.0  10138.0  274145.0     1.000000  46.349369  14.25019  46.301170  14.20309
52    10127.0  10128.0  274143.0     1.000000  46.301170  14.20309  46.301170  14.20309
53    10141.0  10142.0  274141.0     1.000000  46.301170  14.20309  46.301170  14.20309
54    10138.0  10139.0  274132.0     1.000000  46.301170  14.20309  46.349369  14.25019
55    10124.0  10125.0  274131.0     1.000000  46.070831  14.51472  46.070820  14.51472
56    10128.0  10129.0  274124.0     1.000000  46.301170  14.20309  46.301170  14.20309
57    10131.0  10132.0  274108.0     1.000000  46.301170  14.20309  46.301170  14.20309
58    10135.0  10136.0  274102.0     1.000000  46.301170  14.20309  46.301170  14.20309
59    10139.0  10140.0  274084.0     1.000000  46.349369  14.25019  46.301170  14.20309
60    10125.0  10126.0  274082.0     1.000000  46.070820  14.51472  46.301170  14.20309
61    10140.0  10141.0  274081.0     1.000000  46.301170  14.20309  46.301170  14.20309
62    10126.0  10127.0  274071.0     1.000000  46.301170  14.20309  46.301170  14.20309
63    10136.0  10137.0  274059.0     1.000000  46.301170  14.20309  46.349369  14.25019
64    10132.0  10133.0  274056.0     1.000000  46.301170  14.20309  46.301170  14.20309
65    10143.0  10124.0  250573.0     0.914050  46.349369  14.25019  46.070831  14.51472
66     9893.0   9874.0  249982.0     0.899361  46.197800  14.53334  46.060501  14.49871
67     9858.0   9859.0  243446.0     1.000000  46.239120  15.05792  46.247669  15.04755
68     9862.0   9863.0  243411.0     1.000000  46.247669  15.04755  46.256680  15.06189
69     9859.0   9860.0  243401.0     1.000000  46.247669  15.04755  46.247669  15.04755
70     9863.0   9864.0  243382.0     1.000000  46.256680  15.06189  46.247669  15.04755
71     9868.0   9869.0  243381.0     1.000000  46.263000  15.09585  46.257832  15.10827
72     9866.0   9867.0  243381.0     1.000000  46.263000  15.09585  46.263000  15.09585
73     9869.0   9870.0  243379.0     1.000000  46.257832  15.10827  46.257832  15.10827
74     9870.0   9871.0  243377.0     1.000000  46.257832  15.10827  46.256828  15.11543
75     9857.0   9858.0  243370.0     1.000000  46.235828  15.08234  46.239120  15.05792
76     9861.0   9862.0  243369.0     1.000000  46.247669  15.04755  46.247669  15.04755
77     9872.0   9873.0  243355.0     1.000000  46.256828  15.11543  46.256828  15.11543
78     9867.0   9868.0  243345.0     1.000000  46.263000  15.09585  46.263000  15.09585
79     9856.0   9857.0  243341.0     1.000000  46.247669  15.04755  46.235828  15.08234
80     9864.0   9865.0  243339.0     1.000000  46.247669  15.04755  46.243439  15.08869
81     9860.0   9861.0  243338.0     1.000000  46.247669  15.04755  46.247669  15.04755
82     9865.0   9866.0  243304.0     1.000000  46.243439  15.08869  46.263000  15.09585
83     9871.0   9872.0  243302.0     1.000000  46.256828  15.11543  46.256828  15.11543
84     9873.0   9856.0  219529.0     0.902068  46.256828  15.11543  46.247669  15.04755
85     9894.0   9895.0  202691.0     1.000000  46.026218  14.49264  46.067520  14.45521
86     9907.0   9908.0  202686.0     1.000000  46.065910  14.47231  46.065910  14.47231
87     9897.0   9898.0  202666.0     1.000000  46.065910  14.47231  46.065910  14.47231
88     9902.0   9903.0  202649.0     1.000000  46.067730  14.47296  46.065910  14.47231
89     9904.0   9905.0  202647.0     1.000000  46.065910  14.47231  46.065910  14.47231
90     9905.0   9906.0  202643.0     1.000000  46.065910  14.47231  46.065910  14.47231
91     9899.0   9900.0  202640.0     1.000000  46.065701  14.47530  46.068439  14.47314
92     9909.0   9910.0  202630.0     1.000000  46.065910  14.47231  46.065559  14.47500
93     9895.0   9896.0  202625.0     1.000000  46.067520  14.45521  46.065910  14.47231
94     9896.0   9897.0  202624.0     1.000000  46.065910  14.47231  46.065910  14.47231
95     9901.0   9902.0  202622.0     1.000000  46.068459  14.47526  46.067730  14.47296
96     9906.0   9907.0  202621.0     1.000000  46.065910  14.47231  46.065910  14.47231
97     9898.0   9899.0  202618.0     1.000000  46.065910  14.47231  46.065701  14.47530
98     9908.0   9909.0  202615.0     1.000000  46.065910  14.47231  46.065910  14.47231
99     9903.0   9904.0  202610.0     1.000000  46.065910  14.47231  46.065910  14.47231